steady.csv
==========
No deviations, constant values: 21;21;-5;35;35;0


data_loss.csv
=============
Some data is lost: 

20171120-00:20:56;21;21;-5;35;35;0
20171120-00:23:57;21;21;-5;35;35;0

20171120-01:00:43;21;21;-5;35;35;0
20171120-01:00:54;21;21;-5;35;35;0

20171120-02:46:40;21;21;-5;35;35;0
20171120-02:46:51;21;21;-5;35;35;0

20171120-05:34:35;21;21;-5;35;35;0
20171120-05:34:37;21;21;-5;35;35;0


duplicates.csv
==============
Some records are duplicated:

20171120-00:18:03;21;21;-5;35;35;0
20171120-00:18:03;21;21;-5;35;35;0

20171120-01:21:26;21;21;-5;35;35;0
20171120-01:21:26;21;21;-5;35;35;0

20171120-04:14:03;21;21;-5;35;35;0
20171120-04:14:03;21;21;-5;35;35;0
20171120-04:14:03;21;21;-5;35;35;0
20171120-04:14:03;21;21;-5;35;35;0


shuffled.csv
============
Some data is shuffled:

20171120-04:31:53;21;21;-5;35;35;0
20171120-04:31:55;21;21;-5;35;35;0
20171120-04:31:54;21;21;-5;35;35;0
20171120-04:31:56;21;21;-5;35;35;0

20171120-06:10:38;21;21;-5;35;35;0
20171120-06:10:40;21;21;-5;35;35;0
20171120-06:10:39;21;21;-5;35;35;0
20171120-06:10:41;21;21;-5;35;35;0


it_decrease.csv
=================
Inner temperature is changing for no reason

20171120-03:42:22;21;21;-5;35;35;0
20171120-03:42:23;21;20;-5;35;35;0
20171120-03:42:24;21;20;-5;35;35;0
20171120-03:42:25;21;20;-5;35;35;0
20171120-03:42:26;21;20;-5;35;35;0
20171120-03:42:27;21;20;-5;35;35;0
20171120-03:42:28;21;20;-5;35;35;0
20171120-03:42:29;21;20;-5;35;35;0
20171120-03:42:30;21;20;-5;35;35;0
20171120-03:42:31;21;20;-5;35;35;0
20171120-03:42:32;21;20;-5;35;35;0
20171120-03:42:33;21;20;-5;35;35;0
20171120-03:42:34;21;20;-5;35;35;0
20171120-03:42:35;21;20;-5;35;35;0
20171120-03:42:36;21;20;-5;35;35;0
20171120-03:42:37;21;20;-5;35;35;0
20171120-03:42:38;21;20;-5;35;35;0
20171120-03:42:39;21;20;-5;35;35;0
20171120-03:42:40;21;20;-5;35;35;0
20171120-03:42:41;21;20;-5;35;35;0
20171120-03:42:42;21;20;-5;35;35;0
20171120-03:42:43;21;20;-5;35;35;0
20171120-03:42:44;21;20;-5;35;35;0
20171120-03:42:45;21;20;-5;35;35;0
20171120-03:42:46;21;20;-5;35;35;0
20171120-03:42:47;21;20;-5;35;35;0
20171120-03:42:48;21;20;-5;35;35;0
20171120-03:42:49;21;20;-5;35;35;0
20171120-03:42:50;21;19;-5;35;35;0
20171120-03:42:51;21;19;-5;35;35;0
20171120-03:42:52;21;19;-5;35;35;0
20171120-03:42:53;21;19;-5;35;35;0
20171120-03:42:54;21;20;-5;35;35;0
20171120-03:42:55;21;20;-5;35;35;0
20171120-03:42:56;21;20;-5;35;35;0
20171120-03:42:57;21;20;-5;35;35;0
20171120-03:42:58;21;20;-5;35;35;0
20171120-03:42:59;21;20;-5;35;35;0
20171120-03:43:00;21;20;-5;35;35;0
20171120-03:43:01;21;20;-5;35;35;0
20171120-03:43:02;21;20;-5;35;35;0
20171120-03:43:03;21;20;-5;35;35;0
20171120-03:43:04;21;20;-5;35;35;0
20171120-03:43:05;21;20;-5;35;35;0
20171120-03:43:06;21;20;-5;35;35;0
20171120-03:43:07;21;20;-5;35;35;0
20171120-03:43:08;21;20;-5;35;35;0
20171120-03:43:09;21;20;-5;35;35;0
20171120-03:43:10;21;20;-5;35;35;0
20171120-03:43:11;21;20;-5;35;35;0
20171120-03:43:12;21;20;-5;35;35;0
20171120-03:43:13;21;20;-5;35;35;0
20171120-03:43:14;21;20;-5;35;35;0
20171120-03:43:15;21;20;-5;35;35;0
20171120-03:43:16;21;20;-5;35;35;0
20171120-03:43:17;21;20;-5;35;35;0
20171120-03:43:18;21;20;-5;35;35;0
20171120-03:43:19;21;20;-5;35;35;0
20171120-03:43:20;21;20;-5;35;35;0
20171120-03:43:21;21;20;-5;35;35;0
20171120-03:43:22;21;20;-5;35;35;0
20171120-03:43:23;21;20;-5;35;35;0
20171120-03:43:24;21;21;-5;35;35;0


